SCORE:     score     fa_atr     fa_rep     fa_sol    fa_intra_rep    fa_intra_sol_xover4    lk_ball_wtd    fa_elec    pro_close    hbond_sr_bb    hbond_lr_bb    hbond_bb_sc    hbond_sc    dslf_fa13      omega     fa_dun    p_aa_pp    yhh_planarity        ref    rama_prepro    allatom_rms    gdtmm    gdtmm1_1    gdtmm2_2    gdtmm3_3    gdtmm4_3    gdtmm7_4    irms    maxsub    maxsub2.0    rms    description
SCORE:  1024.837  -2858.128    959.584   1652.175           6.408                 96.852        -47.109   -627.720      241.779        -31.031       -227.649        -51.116     -30.247       -4.916    160.029   1565.718    -78.019            0.000    171.936        126.293          0.000    1.000       1.000       1.000       1.000       1.000       1.000   0.000   545.000      545.000  0.000 7CGW_0001_0001
SCORE:  1017.347  -2863.424    950.950   1652.635           6.328                 96.260        -44.989   -638.951      246.328        -31.035       -227.957        -52.073     -32.157       -4.914    160.012   1580.147    -78.039            0.000    171.936        126.289          0.000    1.000       1.000       1.000       1.000       1.000       1.000   0.000   545.000      545.000  0.000 7CGW_0002_0001
SCORE:  1040.819  -2865.494    958.926   1662.002           6.595                 96.679        -47.158   -626.267      240.609        -31.038       -227.675        -51.857     -31.820       -4.914    160.090   1581.921    -78.046            0.000    171.936        126.332          0.000    1.000       1.000       1.000       1.000       1.000       1.000   0.000   545.000      545.000  0.000 7CGW_0003_0001
SCORE:   967.405  -2849.022    905.788   1652.016           6.310                 95.334        -45.417   -639.378      240.812        -31.040       -227.672        -52.996     -29.899       -4.915    160.025   1567.239    -78.035            0.000    171.936        126.318          0.000    1.000       1.000       1.000       1.000       1.000       1.000   0.000   545.000      545.000  0.000 7CGW_0004_0001
SCORE:  1024.279  -2861.884    961.435   1656.193           6.303                 96.615        -47.004   -631.440      241.965        -31.037       -227.902        -51.249     -30.430       -4.913    160.045   1567.422    -78.025            0.000    171.936        126.249          0.000    1.000       1.000       1.000       1.000       1.000       1.000   0.000   545.000      545.000  0.000 7CGW_0005_0001
SCORE:  1036.625  -2859.623    965.735   1652.688           6.310                 96.533        -46.867   -630.189      245.040        -31.032       -227.648        -51.117     -31.416       -4.913    160.006   1572.948    -78.040            0.000    171.936        126.273          0.000    1.000       1.000       1.000       1.000       1.000       1.000   0.000   545.000      545.000  0.000 7CGW_0006_0001
SCORE:  1033.697  -2857.619    952.913   1654.413           6.613                 96.728        -46.536   -626.201      246.627        -31.047       -227.671        -51.822     -32.632       -4.916    160.026   1574.600    -78.042            0.000    171.936        126.325          0.000    1.000       1.000       1.000       1.000       1.000       1.000   0.000   545.000      545.000  0.000 7CGW_0007_0001
SCORE:  1020.422  -2852.761    957.949   1647.701           6.326                 96.670        -48.604   -630.155      240.455        -31.034       -228.333        -53.355     -30.004       -4.916    160.048   1570.247    -78.045            0.000    171.936        126.295          0.000    1.000       1.000       1.000       1.000       1.000       1.000   0.000   545.000      545.000  0.000 7CGW_0008_0001
SCORE:  1049.969  -2861.836    965.960   1654.919           6.342                 96.396        -46.442   -621.643      245.069        -31.027       -227.673        -51.096     -29.048       -4.917    160.036   1574.750    -78.022            0.000    171.936        126.267          0.000    1.000       1.000       1.000       1.000       1.000       1.000   0.000   545.000      545.000  0.000 7CGW_0009_0001
SCORE:  1038.418  -2868.499    963.020   1665.438           6.655                 97.340        -44.587   -629.727      246.665        -31.036       -227.655        -53.770     -32.495       -4.915    160.004   1571.769    -78.041            0.000    171.936        126.318          0.000    1.000       1.000       1.000       1.000       1.000       1.000   0.000   545.000      545.000  0.000 7CGW_0010_0001
