SCORE:     score     fa_atr     fa_rep     fa_sol    fa_intra_rep    fa_intra_sol_xover4    lk_ball_wtd    fa_elec    pro_close    hbond_sr_bb    hbond_lr_bb    hbond_bb_sc    hbond_sc    dslf_fa13      omega     fa_dun    p_aa_pp    yhh_planarity        ref    rama_prepro    allatom_rms    gdtmm    gdtmm1_1    gdtmm2_2    gdtmm3_3    gdtmm4_3    gdtmm7_4    irms    maxsub    maxsub2.0    rms    description
SCORE:  -740.317  -3031.590    530.382   1766.447           5.612                 96.454        -40.677   -811.175       29.650        -50.149       -253.491       -100.259     -52.408       -1.500    125.942    933.195   -102.810            0.013    164.155         51.893          0.000    1.000       1.000       1.000       1.000       1.000       1.000   0.000   554.000      554.000  0.000 5GGS_0001_0001
SCORE:  -739.118  -3028.062    523.368   1760.793           5.595                 96.060        -41.243   -803.146       30.227        -50.146       -253.487       -100.003     -49.665       -1.500    125.947    932.910   -102.831            0.012    164.155         51.899          0.000    1.000       1.000       1.000       1.000       1.000       1.000   0.000   554.000      554.000  0.000 5GGS_0002_0001
SCORE:  -729.737  -3026.479    516.770   1762.950           5.633                 96.644        -41.653   -805.931       41.984        -50.141       -253.496        -98.962     -51.392       -1.500    125.939    936.685   -102.830            0.013    164.155         51.875          0.000    1.000       1.000       1.000       1.000       1.000       1.000   0.000   554.000      554.000  0.000 5GGS_0003_0001
SCORE:  -752.426  -3028.759    515.528   1766.151           5.610                 96.377        -41.713   -811.029       29.618        -50.151       -253.503       -100.201     -52.121       -1.500    125.928    934.093   -102.822            0.013    164.155         51.903          0.000    1.000       1.000       1.000       1.000       1.000       1.000   0.000   554.000      554.000  0.000 5GGS_0004_0001
SCORE:  -739.987  -3016.045    507.338   1755.542           5.619                 96.482        -41.343   -804.942       41.331        -50.149       -253.495        -99.035     -50.333       -1.500    125.930    931.378   -102.835            0.012    164.155         51.904          0.000    1.000       1.000       1.000       1.000       1.000       1.000   0.000   554.000      554.000  0.000 5GGS_0005_0001
SCORE:  -731.255  -3027.076    519.712   1762.426           5.619                 96.374        -40.292   -809.015       41.913        -50.148       -253.496        -98.919     -51.558       -1.500    125.924    935.532   -102.830            0.012    164.155         51.914          0.000    1.000       1.000       1.000       1.000       1.000       1.000   0.000   554.000      554.000  0.000 5GGS_0006_0001
SCORE:  -732.605  -3026.368    517.418   1759.115           5.620                 96.135        -42.083   -803.133       41.251        -50.146       -253.493        -99.702     -49.674       -1.500    125.923    934.782   -102.823            0.012    164.155         51.904          0.000    1.000       1.000       1.000       1.000       1.000       1.000   0.000   554.000      554.000  0.000 5GGS_0007_0001
SCORE:  -740.680  -3020.181    505.398   1759.188           5.622                 97.126        -43.649   -798.673       30.968        -50.141       -253.496        -97.016     -48.897       -1.500    125.925    935.452   -102.835            0.012    164.155         51.864          0.000    1.000       1.000       1.000       1.000       1.000       1.000   0.000   554.000      554.000  0.000 5GGS_0008_0001
SCORE:  -725.360  -3034.524    529.814   1767.154           5.605                 96.574        -41.155   -808.292       41.279        -50.148       -253.486        -99.690     -51.419       -1.500    125.960    935.228   -102.825            0.012    164.155         51.897          0.000    1.000       1.000       1.000       1.000       1.000       1.000   0.000   554.000      554.000  0.000 5GGS_0009_0001
SCORE:  -726.123  -3033.991    531.864   1766.765           5.588                 96.527        -41.919   -807.327       42.033        -50.145       -253.490        -99.794     -51.354       -1.500    125.948    931.448   -102.823            0.012    164.155         51.878          0.000    1.000       1.000       1.000       1.000       1.000       1.000   0.000   554.000      554.000  0.000 5GGS_0010_0001
