SCORE:     score     fa_atr     fa_rep     fa_sol    fa_intra_rep    fa_intra_sol_xover4    lk_ball_wtd    fa_elec    pro_close    hbond_sr_bb    hbond_lr_bb    hbond_bb_sc    hbond_sc    dslf_fa13      omega     fa_dun    p_aa_pp    yhh_planarity        ref    rama_prepro    allatom_rms    gdtmm    gdtmm1_1    gdtmm2_2    gdtmm3_3    gdtmm4_3    gdtmm7_4    irms    maxsub    maxsub2.0    rms    description
SCORE:  -740.317  -3031.590    530.382   1766.447           5.612                 96.454        -40.677   -811.175       29.650        -50.149       -253.491       -100.259     -52.408       -1.500    125.942    933.195   -102.810            0.013    164.155         51.893          0.000    1.000       1.000       1.000       1.000       1.000       1.000   0.000   554.000      554.000  0.000 Original_0001
SCORE:  -739.118  -3028.062    523.368   1760.793           5.595                 96.060        -41.243   -803.146       30.227        -50.146       -253.487       -100.003     -49.665       -1.500    125.947    932.910   -102.831            0.012    164.155         51.899          0.000    1.000       1.000       1.000       1.000       1.000       1.000   0.000   554.000      554.000  0.000 Original_0002
SCORE:  -729.737  -3026.479    516.770   1762.950           5.633                 96.644        -41.653   -805.931       41.984        -50.141       -253.496        -98.962     -51.392       -1.500    125.939    936.685   -102.830            0.013    164.155         51.875          0.000    1.000       1.000       1.000       1.000       1.000       1.000   0.000   554.000      554.000  0.000 Original_0003
SCORE:  -752.426  -3028.759    515.528   1766.151           5.610                 96.377        -41.713   -811.029       29.618        -50.151       -253.503       -100.201     -52.121       -1.500    125.928    934.093   -102.822            0.013    164.155         51.903          0.000    1.000       1.000       1.000       1.000       1.000       1.000   0.000   554.000      554.000  0.000 Original_0004
SCORE:  -739.987  -3016.045    507.338   1755.542           5.619                 96.482        -41.343   -804.942       41.331        -50.149       -253.495        -99.035     -50.333       -1.500    125.930    931.378   -102.835            0.012    164.155         51.904          0.000    1.000       1.000       1.000       1.000       1.000       1.000   0.000   554.000      554.000  0.000 Original_0005
SCORE:  -731.255  -3027.076    519.712   1762.426           5.619                 96.374        -40.292   -809.015       41.913        -50.148       -253.496        -98.919     -51.558       -1.500    125.924    935.532   -102.830            0.012    164.155         51.914          0.000    1.000       1.000       1.000       1.000       1.000       1.000   0.000   554.000      554.000  0.000 Original_0006
SCORE:  -732.605  -3026.368    517.418   1759.115           5.620                 96.135        -42.083   -803.133       41.251        -50.146       -253.493        -99.702     -49.674       -1.500    125.923    934.782   -102.823            0.012    164.155         51.904          0.000    1.000       1.000       1.000       1.000       1.000       1.000   0.000   554.000      554.000  0.000 Original_0007
SCORE:  -740.680  -3020.181    505.398   1759.188           5.622                 97.126        -43.649   -798.673       30.968        -50.141       -253.496        -97.016     -48.897       -1.500    125.925    935.452   -102.835            0.012    164.155         51.864          0.000    1.000       1.000       1.000       1.000       1.000       1.000   0.000   554.000      554.000  0.000 Original_0008
SCORE:  -725.360  -3034.524    529.814   1767.154           5.605                 96.574        -41.155   -808.292       41.279        -50.148       -253.486        -99.690     -51.419       -1.500    125.960    935.228   -102.825            0.012    164.155         51.897          0.000    1.000       1.000       1.000       1.000       1.000       1.000   0.000   554.000      554.000  0.000 Original_0009
SCORE:  -726.123  -3033.991    531.864   1766.765           5.588                 96.527        -41.919   -807.327       42.033        -50.145       -253.490        -99.794     -51.354       -1.500    125.948    931.448   -102.823            0.012    164.155         51.878          0.000    1.000       1.000       1.000       1.000       1.000       1.000   0.000   554.000      554.000  0.000 Original_0010
SCORE:  -1279.187  -2969.320    449.091   1721.408           5.369                 87.346        -52.388   -882.220       22.241        -51.399       -259.319       -107.168     -64.700       -1.496     90.485    641.868   -105.642            0.012    167.448         29.196          0.000    1.000       1.000       1.000       1.000       1.000       1.000   0.000   557.000      557.000  0.000 Point_Mutation_0001
SCORE:  -1307.366  -2991.795    426.147   1727.555           5.342                 87.200        -53.912   -884.627       22.275        -51.402       -259.323       -107.703     -60.967       -1.496     90.530    653.798   -105.635            0.012    167.448         29.189          0.000    1.000       1.000       1.000       1.000       1.000       1.000   0.000   557.000      557.000  0.000 Point_Mutation_0002
SCORE:  -1310.121  -2996.807    438.186   1740.229           5.360                 87.542        -53.689   -889.066       22.235        -51.403       -259.325       -109.163     -61.482       -1.496     90.519    637.237   -105.637            0.012    167.448         29.177          0.000    1.000       1.000       1.000       1.000       1.000       1.000   0.000   557.000      557.000  0.000 Point_Mutation_0003
SCORE:  -1310.439  -2978.904    420.754   1719.733           5.362                 87.892        -52.048   -888.310       21.967        -51.402       -259.323       -109.665     -60.301       -1.496     90.495    653.803   -105.631            0.012    167.448         29.176          0.000    1.000       1.000       1.000       1.000       1.000       1.000   0.000   557.000      557.000  0.000 Point_Mutation_0004
SCORE:  -1300.811  -2977.869    427.752   1731.260           5.349                 87.193        -52.862   -889.567       22.322        -51.408       -259.332       -110.360     -62.257       -1.496     90.493    648.975   -105.653            0.012    167.448         29.186          0.000    1.000       1.000       1.000       1.000       1.000       1.000   0.000   557.000      557.000  0.000 Point_Mutation_0005
SCORE:  -1274.776  -2972.966    452.945   1724.644           5.393                 87.142        -52.207   -884.571       22.271        -51.400       -259.327       -107.326     -65.037       -1.496     90.496    645.651   -105.653            0.012    167.448         29.205          0.000    1.000       1.000       1.000       1.000       1.000       1.000   0.000   557.000      557.000  0.000 Point_Mutation_0006
SCORE:  -1314.108  -2992.028    433.296   1729.081           5.335                 87.287        -52.313   -891.263       22.307        -51.399       -259.342       -107.869     -61.411       -1.496     90.490    644.242   -105.660            0.012    167.448         29.175          0.000    1.000       1.000       1.000       1.000       1.000       1.000   0.000   557.000      557.000  0.000 Point_Mutation_0007
SCORE:  -1308.173  -2990.839    435.389   1737.061           5.340                 87.072        -52.442   -893.902       22.264        -51.400       -259.325       -108.515     -62.275       -1.496     90.498    643.375   -105.636            0.012    167.448         29.196          0.000    1.000       1.000       1.000       1.000       1.000       1.000   0.000   557.000      557.000  0.000 Point_Mutation_0008
SCORE:  -1310.796  -2986.641    430.711   1729.564           5.388                 87.758        -52.887   -889.023       22.289        -51.402       -259.328       -108.815     -61.811       -1.496     90.501    643.402   -105.653            0.012    167.448         29.186          0.000    1.000       1.000       1.000       1.000       1.000       1.000   0.000   557.000      557.000  0.000 Point_Mutation_0009
SCORE:  -1282.249  -2954.997    441.454   1712.936           5.346                 88.050        -50.419   -886.275       22.276        -51.400       -259.325       -108.175     -63.942       -1.496     90.481    642.223   -105.648            0.012    167.448         29.202          0.000    1.000       1.000       1.000       1.000       1.000       1.000   0.000   557.000      557.000  0.000 Point_Mutation_0010
SCORE:  -1471.518  -3004.780    394.936   1745.162           5.461                 90.221        -51.116   -927.603       15.831        -53.907       -263.413       -113.828     -76.841       -2.715     75.625    624.534   -112.104            0.237    165.687         17.095          0.000    1.000       1.000       1.000       1.000       1.000       1.000   0.000   557.000      557.000  0.000 CDR_Mutation_0001
SCORE:  -1518.044  -3007.001    367.695   1731.667           5.462                 88.989        -49.366   -933.062       15.522        -53.909       -263.408       -116.306     -77.850       -2.715     75.616    629.696   -112.093            0.238    165.687         17.093          0.000    1.000       1.000       1.000       1.000       1.000       1.000   0.000   557.000      557.000  0.000 CDR_Mutation_0002
SCORE:  -1479.621  -2980.702    386.565   1724.480           5.421                 89.265        -51.917   -925.358       15.341        -53.910       -263.404       -114.297     -77.422       -2.715     75.597    622.507   -112.097            0.237    165.687         17.103          0.000    1.000       1.000       1.000       1.000       1.000       1.000   0.000   557.000      557.000  0.000 CDR_Mutation_0003
SCORE:  -1507.073  -3006.998    372.918   1725.065           5.438                 89.218        -49.726   -924.067       15.542        -53.912       -263.400       -116.571     -73.815       -2.715     75.593    629.448   -112.105            0.237    165.687         17.089          0.000    1.000       1.000       1.000       1.000       1.000       1.000   0.000   557.000      557.000  0.000 CDR_Mutation_0004
SCORE:  -1512.952  -3006.741    372.995   1730.909           5.425                 88.760        -49.430   -931.890       14.983        -53.910       -263.411       -115.500     -78.038       -2.715     75.596    629.090   -112.094            0.237    165.687         17.095          0.000    1.000       1.000       1.000       1.000       1.000       1.000   0.000   557.000      557.000  0.000 CDR_Mutation_0005
SCORE:  -1517.168  -3001.012    369.101   1727.524           5.434                 89.285        -49.201   -932.140       15.876        -53.911       -263.407       -116.597     -76.764       -2.715     75.604    624.834   -112.104            0.237    165.687         17.101          0.000    1.000       1.000       1.000       1.000       1.000       1.000   0.000   557.000      557.000  0.000 CDR_Mutation_0006
SCORE:  -1512.460  -3009.596    374.471   1733.625           5.421                 88.735        -49.897   -930.490       15.522        -53.909       -263.398       -116.505     -77.010       -2.715     75.613    626.763   -112.094            0.237    165.687         17.080          0.000    1.000       1.000       1.000       1.000       1.000       1.000   0.000   557.000      557.000  0.000 CDR_Mutation_0007
SCORE:  -1512.540  -3002.071    370.507   1729.424           5.422                 88.858        -48.805   -929.392       14.959        -53.909       -263.407       -115.689     -77.753       -2.715     75.591    625.532   -112.097            0.238    165.687         17.081          0.000    1.000       1.000       1.000       1.000       1.000       1.000   0.000   557.000      557.000  0.000 CDR_Mutation_0008
SCORE:  -1519.073  -3002.737    369.939   1728.124           5.424                 88.918        -49.919   -932.428       15.288        -53.910       -263.411       -116.200     -77.625       -2.715     75.601    625.666   -112.105            0.237    165.687         17.092          0.000    1.000       1.000       1.000       1.000       1.000       1.000   0.000   557.000      557.000  0.000 CDR_Mutation_0009
SCORE:  -1478.019  -2990.481    393.741   1725.018           5.609                 89.151        -49.207   -927.240       15.524        -53.907       -263.410       -115.636     -78.153       -2.715     75.571    627.213   -112.107            0.237    165.687         17.087          0.000    1.000       1.000       1.000       1.000       1.000       1.000   0.000   557.000      557.000  0.000 CDR_Mutation_0010
