SCORE:     score     fa_atr     fa_rep     fa_sol    fa_intra_rep    fa_intra_sol_xover4    lk_ball_wtd    fa_elec    pro_close    hbond_sr_bb    hbond_lr_bb    hbond_bb_sc    hbond_sc    dslf_fa13      omega     fa_dun    p_aa_pp    yhh_planarity        ref    rama_prepro    allatom_rms    gdtmm    gdtmm1_1    gdtmm2_2    gdtmm3_3    gdtmm4_3    gdtmm7_4    irms    maxsub    maxsub2.0    rms    description
SCORE:  -240.319  -2880.332    412.547   1677.411           5.775                 94.426        -42.604   -772.864      211.605        -49.554       -249.863        -90.503     -60.492        1.462    155.675   1191.924    -94.420            0.012    162.803         86.672          0.000    1.000       1.000       1.000       1.000       1.000       1.000   0.000   538.000      538.000  0.000 5WT9_0001_0001
SCORE:  -227.599  -2878.743    417.213   1676.209           5.763                 94.463        -42.930   -773.828      211.597        -49.555       -249.870        -89.867     -57.171        1.462    155.675   1196.945    -94.423            0.012    162.803         86.646          0.000    1.000       1.000       1.000       1.000       1.000       1.000   0.000   538.000      538.000  0.000 5WT9_0002_0001
SCORE:  -229.461  -2881.461    417.747   1680.149           5.753                 94.377        -42.601   -773.895      211.601        -49.550       -249.871        -89.504     -58.144        1.462    155.618   1193.790    -94.413            0.012    162.803         86.664          0.000    1.000       1.000       1.000       1.000       1.000       1.000   0.000   538.000      538.000  0.000 5WT9_0003_0001
SCORE:  -231.203  -2876.194    414.468   1675.076           5.748                 94.059        -44.285   -771.848      211.584        -49.553       -249.860        -89.831     -57.154        1.462    155.658   1194.400    -94.407            0.013    162.803         86.657          0.000    1.000       1.000       1.000       1.000       1.000       1.000   0.000   538.000      538.000  0.000 5WT9_0004_0001
SCORE:  -231.785  -2881.066    418.108   1676.670           5.750                 94.205        -44.325   -775.477      211.585        -49.552       -249.862        -90.045     -56.266        1.462    155.635   1196.345    -94.416            0.012    162.803         86.648          0.000    1.000       1.000       1.000       1.000       1.000       1.000   0.000   538.000      538.000  0.000 5WT9_0005_0001
SCORE:  -237.117  -2877.111    409.865   1676.583           5.745                 94.310        -43.248   -773.071      211.594        -49.554       -249.865        -89.953     -58.653        1.462    155.640   1194.103    -94.430            0.012    162.803         86.650          0.000    1.000       1.000       1.000       1.000       1.000       1.000   0.000   538.000      538.000  0.000 5WT9_0006_0001
SCORE:  -234.937  -2876.840    413.421   1673.704           5.735                 94.377        -44.148   -773.685      211.597        -49.555       -249.870        -90.029     -56.268        1.462    155.637   1194.442    -94.411            0.012    162.803         86.677          0.000    1.000       1.000       1.000       1.000       1.000       1.000   0.000   538.000      538.000  0.000 5WT9_0007_0001
SCORE:  -242.812  -2875.263    409.988   1675.052           5.738                 94.393        -43.251   -772.877      212.718        -49.550       -249.859        -89.720     -58.642        1.462    155.648   1186.284    -94.415            0.013    162.803         86.666          0.000    1.000       1.000       1.000       1.000       1.000       1.000   0.000   538.000      538.000  0.000 5WT9_0008_0001
SCORE:  -229.318  -2884.384    423.200   1680.059           5.739                 94.146        -43.677   -773.625      211.572        -49.551       -249.863        -89.465     -59.153        1.462    155.620   1193.544    -94.414            0.012    162.803         86.656          0.000    1.000       1.000       1.000       1.000       1.000       1.000   0.000   538.000      538.000  0.000 5WT9_0009_0001
SCORE:  -229.441  -2876.525    413.906   1671.767           5.752                 93.861        -43.804   -770.746      211.568        -49.555       -249.862        -87.025     -58.533        1.462    155.669   1197.564    -94.420            0.012    162.803         86.663          0.000    1.000       1.000       1.000       1.000       1.000       1.000   0.000   538.000      538.000  0.000 5WT9_0010_0001
