SCORE:     score     fa_atr     fa_rep     fa_sol    fa_intra_rep    fa_intra_sol_xover4    lk_ball_wtd    fa_elec    pro_close    hbond_sr_bb    hbond_lr_bb    hbond_bb_sc    hbond_sc    dslf_fa13      omega     fa_dun    p_aa_pp    yhh_planarity        ref    rama_prepro    allatom_rms    gdtmm    gdtmm1_1    gdtmm2_2    gdtmm3_3    gdtmm4_3    gdtmm7_4    irms    maxsub    maxsub2.0    rms    description
SCORE:  -377.224  -1826.532    376.571   1032.824           3.618                 58.718        -27.850   -442.495       12.351        -26.409       -143.535        -44.099     -34.155       -2.067     42.667    548.833    -56.971            0.012    118.188         33.108          0.000    1.000       1.000       1.000       1.000       1.000       1.000   0.000   342.000      342.000  0.000 7WVM_0001_0001
SCORE:  -396.180  -1810.177    354.118   1025.261           3.592                 57.868        -24.652   -452.027       14.965        -26.413       -143.531        -46.216     -34.286       -2.067     42.682    550.342    -56.958            0.012    118.188         33.120          0.000    1.000       1.000       1.000       1.000       1.000       1.000   0.000   342.000      342.000  0.000 7WVM_0002_0001
SCORE:  -383.949  -1824.639    366.897   1034.885           3.566                 57.998        -23.404   -447.993       21.249        -26.415       -143.536        -46.791     -31.451       -2.067     42.694    540.707    -56.968            0.012    118.188         33.120          0.000    1.000       1.000       1.000       1.000       1.000       1.000   0.000   342.000      342.000  0.000 7WVM_0003_0001
SCORE:  -390.894  -1822.220    365.007   1032.443           3.603                 57.540        -25.762   -449.490       12.327        -26.415       -143.533        -45.417     -32.589       -2.067     42.670    548.647    -56.966            0.012    118.188         33.128          0.000    1.000       1.000       1.000       1.000       1.000       1.000   0.000   342.000      342.000  0.000 7WVM_0004_0001
SCORE:  -399.756  -1814.193    357.286   1023.868           3.569                 57.460        -25.087   -445.754       13.059        -26.409       -143.532        -46.925     -31.327       -2.067     42.666    543.284    -56.963            0.012    118.188         33.110          0.000    1.000       1.000       1.000       1.000       1.000       1.000   0.000   342.000      342.000  0.000 7WVM_0005_0001
SCORE:  -375.109  -1823.312    372.077   1034.279           3.615                 58.516        -23.983   -447.310       14.986        -26.409       -143.540        -46.872     -36.147       -2.067     42.690    554.022    -56.971            0.013    118.188         33.118          0.000    1.000       1.000       1.000       1.000       1.000       1.000   0.000   342.000      342.000  0.000 7WVM_0006_0001
SCORE:  -387.975  -1838.206    388.111   1043.687           3.578                 58.082        -23.151   -458.541       12.348        -26.413       -143.539        -47.116     -35.766       -2.067     42.674    543.981    -56.954            0.012    118.188         33.116          0.000    1.000       1.000       1.000       1.000       1.000       1.000   0.000   342.000      342.000  0.000 7WVM_0007_0001
SCORE:  -393.553  -1815.191    358.403   1029.571           3.584                 58.915        -26.047   -445.560       12.397        -26.409       -143.537        -45.731     -33.328       -2.067     42.639    544.476    -56.977            0.012    118.188         33.112          0.000    1.000       1.000       1.000       1.000       1.000       1.000   0.000   342.000      342.000  0.000 7WVM_0008_0001
SCORE:  -380.094  -1834.673    372.549   1040.896           3.655                 60.193        -26.096   -442.395       13.104        -26.416       -143.533        -45.701     -34.111       -2.067     42.663    547.496    -56.969            0.013    118.188         33.111          0.000    1.000       1.000       1.000       1.000       1.000       1.000   0.000   342.000      342.000  0.000 7WVM_0009_0001
SCORE:  -401.678  -1816.703    355.761   1028.667           3.579                 57.620        -26.405   -446.631       12.372        -26.415       -143.526        -45.736     -33.550       -2.067     42.671    544.364    -56.973            0.012    118.188         33.094          0.000    1.000       1.000       1.000       1.000       1.000       1.000   0.000   342.000      342.000  0.000 7WVM_0010_0001
